0003 0039 000033ba
0001 014a 00000001
0001 0145 00000001
0003 0035 0000052a
0003 0036 000007c6
0003 0031 00000005
0000 0000 00000000
0003 0030 00000007
0000 0000 00000000
0003 0036 000007c5
0003 0030 00000006
0003 0031 00000006
0000 0000 00000000
0003 0035 00000529
0003 0036 000007c2
0000 0000 00000000
0003 0035 00000521
0003 0036 0000078e
0003 0030 00000007
0000 0000 00000000
0003 0035 0000051c
0003 0036 0000076a
0003 0030 00000006
0000 0000 00000000
0003 0035 00000513
0003 0036 00000720
0000 0000 00000000
0003 0035 0000050f
0003 0036 000006f6
0000 0000 00000000
0003 0035 00000505
0003 0036 00000696
0000 0000 00000000
0003 0035 000004ff
0003 0036 0000064d
0000 0000 00000000
0003 0035 000004f8
0003 0036 000005e3
0000 0000 00000000
0003 0035 000004f1
0003 0036 00000581
0000 0000 00000000
0003 0035 000004eb
0003 0036 00000517
0000 0000 00000000
0003 0035 000004e6
0003 0036 000004b3
0000 0000 00000000
0003 0035 000004e5
0003 0036 00000422
0000 0000 00000000
0003 0035 000004e8
0003 0036 000003ba
0000 0000 00000000
0003 0035 000004f3
0003 0036 0000031c
0000 0000 00000000
0003 0035 00000504
0003 0036 0000028e
0000 0000 00000000
0003 0035 00000521
0003 0036 000001f4
0000 0000 00000000
0003 0035 0000053a
0003 0036 00000162
0000 0000 00000000
0003 0039 ffffffff
0001 014a 00000000
0001 0145 00000000
0000 0000 00000000
0003 0039 000033bb
0001 014a 00000001
0001 0145 00000001
0003 0035 000004fb
0003 0036 000007c1
0000 0000 00000000
0003 0035 000004ea
0003 0036 00000733
0000 0000 00000000
0003 0035 000004e6
0003 0036 0000070b
0003 0031 00000005
0000 0000 00000000
0003 0035 000004d0
0003 0036 0000065a
0000 0000 00000000
0003 0035 000004c3
0003 0036 000005f5
0003 0031 00000006
0000 0000 00000000
0003 0035 000004b1
0003 0036 00000542
0000 0000 00000000
0003 0035 000004a8
0003 0036 0000049d
0000 0000 00000000
0003 0035 000004a9
0003 0036 000003eb
0000 0000 00000000
0003 0035 000004b6
0003 0036 0000032d
0000 0000 00000000
0003 0035 000004d1
0003 0036 00000284
0003 0031 00000005
0000 0000 00000000
0003 0039 ffffffff
0001 014a 00000000
0001 0145 00000000
0000 0000 00000000
0003 0039 000033bc
0001 014a 00000001
0001 0145 00000001
0003 0035 00000576
0003 0036 000006a6
0003 0031 00000006
0000 0000 00000000
0003 0035 00000561
0003 0036 0000066d
0000 0000 00000000
0003 0035 0000054d
0003 0036 00000611
0000 0000 00000000
0003 0035 00000541
0003 0036 000005c0
0000 0000 00000000
0003 0035 00000532
0003 0036 0000053d
0000 0000 00000000
0003 0035 0000052a
0003 0036 000004cc
0003 0031 00000005
0000 0000 00000000
0003 0035 00000526
0003 0036 00000443
0000 0000 00000000
0003 0035 00000527
0003 0036 000003c5
0000 0000 00000000
0003 0035 0000052e
0003 0036 00000327
0000 0000 00000000
0003 0035 0000053b
0003 0036 000002ac
0003 0030 00000005
0000 0000 00000000
0003 0039 ffffffff
0001 014a 00000000
0001 0145 00000000
0000 0000 00000000
0003 0039 000033bd
0001 014a 00000001
0001 0145 00000001
0003 0035 000004df
0003 0036 0000036d
0003 0030 00000006
0000 0000 00000000
0003 0035 000004d9
0003 0036 0000033c
0000 0000 00000000
0003 0035 000004d2
0003 0036 000002da
0003 0031 00000006
0000 0000 00000000
0003 0036 0000028c
0003 0031 00000005
0000 0000 00000000
0003 0035 000004d0
0003 0036 00000213
0003 0031 00000006
0000 0000 00000000
0003 0039 ffffffff
0001 014a 00000000
0001 0145 00000000
0000 0000 00000000
0003 0039 000033be
0001 014a 00000001
0001 0145 00000001
0003 0035 00000466
0003 0036 00000381
0000 0000 00000000
0003 0036 0000037d
0000 0000 00000000
0003 0035 00000464
0003 0036 00000321
0000 0000 00000000
0003 0036 000002fc
0000 0000 00000000
0003 0035 0000046d
0003 0036 00000290
0000 0000 00000000
0003 0035 00000475
0003 0036 00000259
0000 0000 00000000
0003 0035 0000048c
0003 0036 000001f4
0000 0000 00000000
0003 0035 00000499
0003 0036 000001bb
0000 0000 00000000
0003 0035 000004ad
0003 0036 00000174
0000 0000 00000000
0003 0035 000004b4
0003 0036 00000143
0000 0000 00000000
0003 0039 ffffffff
0001 014a 00000000
0001 0145 00000000
0000 0000 00000000
0003 0039 000033bf
0001 014a 00000001
0001 0145 00000001
0003 0035 00000492
0003 0036 00000369